N area_wide area_narrow
100 0.97500000 0.93870933
600 0.93750000 0.93877902
1100 0.96027273 0.94570356
1600 0.94575000 0.94472000
2100 0.96200000 0.94444373
2600 0.94176923 0.94662170
3100 0.93600000 0.94298508
3600 0.94075000 0.94390116
4100 0.94331707 0.94646010
4600 0.94584783 0.94526312
5100 0.94258824 0.94606356
5600 0.95025000 0.94522027
6100 0.94814754 0.94472086
6600 0.94018182 0.94368259
7100 0.94356338 0.94216629
7600 0.94768421 0.94626463
8100 0.95617284 0.94413163
8600 0.95711628 0.94634288
9100 0.94681319 0.94465802
9600 0.95383333 0.94478000
10100 0.94402079 0.94482455
10600 0.94383019 0.94514340
11100 0.94448649 0.94406991
11600 0.94937931 0.94338390
12100 0.94690165 0.94391653
12600 0.94174603 0.94457524
13100 0.94270992 0.94494107
13600 0.93989706 0.94457882
14100 0.94248227 0.94477638
14600 0.94531507 0.94503014
15100 0.94529801 0.94437287
15600 0.94550000 0.94505026
16100 0.94322919 0.94403142
16600 0.94437349 0.94479809
17100 0.94497076 0.94559102
17600 0.93976136 0.94377699
18100 0.94331492 0.94405591
18600 0.94410753 0.94488215
19100 0.93801675 0.94513203
19600 0.94695918 0.94489510
20100 0.94634328 0.94442010
20600 0.94844660 0.94492932
21100 0.94747393 0.94459489
21600 0.94348611 0.94431638
22100 0.94284525 0.94389810
22600 0.94426549 0.94449023
23100 0.94367965 0.94438568
23600 0.94442373 0.94454412
24100 0.94897925 0.94507195
24600 0.93943089 0.94404618
25100 0.94484263 0.94496219
25600 0.94364062 0.94502711
26100 0.94789195 0.94448705
26600 0.94421880 0.94486891
27100 0.94147418 0.94490396
27600 0.94469565 0.94538406
28100 0.94655943 0.94491082
28600 0.94469266 0.94478814
29100 0.94694227 0.94400137
29600 0.94693243 0.94446162
30100 0.94470598 0.94453523
30600 0.94557418 0.94411830
31100 0.94717203 0.94441337
31600 0.94353165 0.94506158
32100 0.94760592 0.94462097
32600 0.94742822 0.94422155
33100 0.94706737 0.94496225
33600 0.94428571 0.94513794
34100 0.94465630 0.94433225
34600 0.94761821 0.94437885
35100 0.94558718 0.94481500
35600 0.94758427 0.94382468
36100 0.94790859 0.94468128
36600 0.94518306 0.94416299
37100 0.94524852 0.94445743
37600 0.94755319 0.94485141
38100 0.94341470 0.94416583
38600 0.94409301 0.94430031
39100 0.94293146 0.94472760
39600 0.94646465 0.94416867
40100 0.94716633 0.94534868
40600 0.94756601 0.94489223
41100 0.94353406 0.94463899
41600 0.94770337 0.94466587
42100 0.94479715 0.94471577
42600 0.94212629 0.94435984
43100 0.94425453 0.94433168
43600 0.94523257 0.94493000
44100 0.94211891 0.94458894
44600 0.94847534 0.94469699
45100 0.94293902 0.94443180
45600 0.94655175 0.94436109
46100 0.94516160 0.94523883
46600 0.94160644 0.94481368
47100 0.94257537 0.94487376
47600 0.94268908 0.94441361
48100 0.94545063 0.94485545
48600 0.94615658 0.94479265
49100 0.94714563 0.94492835
49600 0.94463710 0.94470218
50100 0.94418363 0.94539661
50600 0.94218162 0.94448264
51100 0.94250186 0.94440092
51600 0.94779070 0.94456227
52100 0.94356718 0.94455674
52600 0.94555142 0.94426544
53100 0.94377461 0.94476454
53600 0.94657836 0.94433493
54100 0.94858318 0.94493293
54600 0.94630242 0.94417497
55100 0.94803902 0.94416935
55600 0.94763453 0.94458607
56100 0.94684296 0.94418760
56600 0.94711767 0.94450533
57100 0.94520053 0.94487345
57600 0.94927083 0.94362982
58100 0.94480482 0.94466469
58600 0.94407628 0.94493780
59100 0.94346785 0.94480323
59600 0.94286611 0.94466805
60100 0.94664409 0.94488419
60600 0.94174356 0.94394132
61100 0.94475943 0.94467405
61600 0.94525844 0.94464371
62100 0.94433318 0.94453789
62600 0.94255296 0.94447270
63100 0.94328494 0.94473552
63600 0.94355959 0.94466641
64100 0.94732121 0.94414714
64600 0.94497370 0.94398031
65100 0.94596467 0.94417440
65600 0.94667744 0.94454585
66100 0.94752572 0.94415553
66600 0.94460360 0.94489223
67100 0.94437706 0.94513556
67600 0.94574600 0.94488734
68100 0.94364464 0.94423057
68600 0.94384532 0.94402492
69100 0.94707236 0.94477118
69600 0.94547126 0.94426368
70100 0.94551213 0.94475004
70600 0.94661531 0.94493011
71100 0.94509972 0.94487537
71600 0.94647458 0.94480217
72100 0.94329368 0.94409646
72600 0.94877934 0.94536725
73100 0.94673780 0.94460272
73600 0.94291196 0.94413509
74100 0.94675034 0.94446054
74600 0.94457816 0.94419742
75100 0.94425273 0.94449339
75600 0.94517672 0.94419587
76100 0.94478055 0.94376037
76600 0.94477474 0.94438167
77100 0.94487614 0.94438843
77600 0.94423783 0.94528383
78100 0.94189910 0.94441823
78600 0.94087723 0.94389535
79100 0.94263894 0.94442245
79600 0.94913216 0.94435328
80100 0.94461240 0.94476878
80600 0.94381154 0.94434179
81100 0.94490210 0.94412048
81600 0.94493668 0.94490857
82100 0.94728285 0.94491596
82600 0.94518570 0.94454262
83100 0.94623743 0.94464168
83600 0.94142057 0.94489445
84100 0.94438088 0.94481822
84600 0.94772209 0.94435548
85100 0.94123950 0.94461314
85600 0.94486215 0.94370594
86100 0.94799860 0.94483916
86600 0.94855434 0.94484354
87100 0.94865792 0.94483029
87600 0.94807922 0.94455134
88100 0.94534450 0.94437290
88600 0.94728227 0.94461270
89100 0.94398631 0.94465294
89600 0.94601071 0.94418350
90100 0.94640795 0.94471266
90600 0.94405519 0.94438141
91100 0.94485137 0.94421014
91600 0.94432388 0.94453759
92100 0.94416275 0.94493327
92600 0.94573866 0.94392697
93100 0.94480021 0.94417695
93600 0.94392308 0.94418483
94100 0.94185654 0.94469739
94600 0.94467336 0.94471260
95100 0.94750473 0.94447395
95600 0.94293828 0.94434976
96100 0.94378876 0.94472071
96600 0.94487578 0.94451256
97100 0.94598867 0.94439310
97600 0.94524590 0.94443896
98100 0.94124465 0.94379428
98600 0.94416633 0.94512000
99100 0.94429465 0.94428051
99600 0.94454819 0.94417403
