N relerr_wide relerr_narrow
100 0.03227344 0.00614902
600 0.00742939 0.00607523
1100 0.01668105 0.00125607
1600 0.00130523 0.00021473
2100 0.01850979 0.00007777
2600 0.00290938 0.00222814
3100 0.00901750 0.00162210
3600 0.00398848 0.00065222
4100 0.00127061 0.00205704
4600 0.00140880 0.00078975
5100 0.00204226 0.00163721
5600 0.00606957 0.00074438
6100 0.00384361 0.00021563
6600 0.00459004 0.00088363
7100 0.00100983 0.00248899
7600 0.00591138 0.00184891
8100 0.01235119 0.00040910
8600 0.01334250 0.00192573
9100 0.00242850 0.00014999
9600 0.00986032 0.00027863
10100 0.00098403 0.00032400
10600 0.00118490 0.00065327
11100 0.00003286 0.00047519
11600 0.00527359 0.00120107
12100 0.00252416 0.00063733
12600 0.00306334 0.00006103
13100 0.00240320 0.00043143
13600 0.00489761 0.00005756
14100 0.00223603 0.00026494
14600 0.00082963 0.00052615
15100 0.00081227 0.00009400
15600 0.00104132 0.00055555
16100 0.00136349 0.00051568
16600 0.00015236 0.00029592
17100 0.00048077 0.00113611
17600 0.00506272 0.00078519
18100 0.00137828 0.00048794
18600 0.00043323 0.00038762
19100 0.00687941 0.00065262
19600 0.00258400 0.00040006
20100 0.00193334 0.00010721
20600 0.00428212 0.00043699
21100 0.00343380 0.00040135
21600 0.00079724 0.00021579
22100 0.00044668 0.00006603
22600 0.00017364 0.00000306
23100 0.00031536 0.00000391
23600 0.00011433 0.00002805
24100 0.00470432 0.00058716
24600 0.00590220 0.00049804
25100 0.00034337 0.00047164
25600 0.00092945 0.00054071
26100 0.00479916 0.00037497
26600 0.00051339 0.00037294
27100 0.00313594 0.00041360
27600 0.00019080 0.00091747
28100 0.00216483 0.00041482
28600 0.00018852 0.00028948
29100 0.00256105 0.00078267
29600 0.00255073 0.00029689
30100 0.00018637 0.00025781
30600 0.00108250 0.00022115
31100 0.00281577 0.00042472
31600 0.00013922 0.00051424
32100 0.00356187 0.00016243
32600 0.00335248 0.00028823
33100 0.00303074 0.00047172
33600 0.00028893 0.00068244
34100 0.00015775 0.00033502
34600 0.00358181 0.00029069
35100 0.00114239 0.00031691
35600 0.00354473 0.00117958
36100 0.00386863 0.00027871
36600 0.00067121 0.00037715
37100 0.00062276 0.00016636
37600 0.00355661 0.00035433
38100 0.00116774 0.00037244
38600 0.00044887 0.00041389
39100 0.00167540 0.00022313
39600 0.00205944 0.00037101
40100 0.00247581 0.00087953
40600 0.00357732 0.00039931
41100 0.00052259 0.00014812
41600 0.00379303 0.00017737
42100 0.00029755 0.00020690
42600 0.00211920 0.00015945
43100 0.00030419 0.00014771
43600 0.00076054 0.00043723
44100 0.00212755 0.00007578
44600 0.00437984 0.00019010
45100 0.00167280 0.00009113
45600 0.00215413 0.00019697
46100 0.00068228 0.00076210
46600 0.00307680 0.00031864
47100 0.00238380 0.00037890
47600 0.00229088 0.00015596
48100 0.00093772 0.00035913
48600 0.00166454 0.00029517
49100 0.00245243 0.00043958
49600 0.00010664 0.00027112
50100 0.00040837 0.00093178
50600 0.00233549 0.00034772
51100 0.00199728 0.00026219
51600 0.00386791 0.00029151
52100 0.00131417 0.00028533
52600 0.00139118 0.00026390
53100 0.00078371 0.00026365
53600 0.00218027 0.00038380
54100 0.00376406 0.00044143
54600 0.00184322 0.00020085
55100 0.00371952 0.00020675
55600 0.00328256 0.00042302
56100 0.00246313 0.00023027
56600 0.00275739 0.00030183
57100 0.00072445 0.00038009
57600 0.00496438 0.00177895
58100 0.00055820 0.00028421
58600 0.00028503 0.00044746
59100 0.00005311 0.00030826
59600 0.00058745 0.00017376
60100 0.00224652 0.00038968
60600 0.00336971 0.00006917
61100 0.00051331 0.00028710
61600 0.00107124 0.00025547
62100 0.00002791 0.00014868
62600 0.00066392 0.00008173
63100 0.00032098 0.00033741
63600 0.00058876 0.00026839
64100 0.00296366 0.00017552
64600 0.00048218 0.00019930
65100 0.00146865 0.00039331
65600 0.00222265 0.00036246
66100 0.00301923 0.00019249
66600 0.00009223 0.00039785
67100 0.00033125 0.00041727
67600 0.00129710 0.00039092
68100 0.00092560 0.00024422
68600 0.00071730 0.00004065
69100 0.00271064 0.00026949
69600 0.00101122 0.00020922
70100 0.00105506 0.00024558
70600 0.00211440 0.00042456
71100 0.00060862 0.00037008
71600 0.00198845 0.00029513
72100 0.00052626 0.00004458
72600 0.00452298 0.00089935
73100 0.00235538 0.00009047
73600 0.00168765 0.00040350
74100 0.00236932 0.00022506
74600 0.00040190 0.00001490
75100 0.00010532 0.00009379
75600 0.00069527 0.00011338
76100 0.00099873 0.00002990
76600 0.00099690 0.00028709
77100 0.00111765 0.00029379
77600 0.00030541 0.00081040
78100 0.00277390 0.00004722
78600 0.00380083 0.00065727
79100 0.00199207 0.00005136
79600 0.00488334 0.00044853
80100 0.00010184 0.00026645
80600 0.00074782 0.00033405
81100 0.00040094 0.00004116
81600 0.00043810 0.00041426
82100 0.00308135 0.00042183
82600 0.00072667 0.00026379
83100 0.00156451 0.00036686
83600 0.00327748 0.00061430
84100 0.00032751 0.00053600
84600 0.00380291 0.00014213
85100 0.00380248 0.00039940
85600 0.00037023 0.00086269
86100 0.00369029 0.00034200
86600 0.00421613 0.00034673
87100 0.00432692 0.00033360
87600 0.00379027 0.00004446
88100 0.00087935 0.00015430
88600 0.00308395 0.00039307
89100 0.00056099 0.00043236
89600 0.00157725 0.00005480
90100 0.00207813 0.00041376
90600 0.00048874 0.00008436
91100 0.00018632 0.00005596
91600 0.00030297 0.00021279
92100 0.00047457 0.00060947
92600 0.00129323 0.00062489
93100 0.00029965 0.00036022
93600 0.00062901 0.00035188
94100 0.00281694 0.00019079
94600 0.00016535 0.00020689
95100 0.00316304 0.00004578
95600 0.00167165 0.00017726
96100 0.00077121 0.00021548
96600 0.00037965 0.00000490
97100 0.00155792 0.00013137
97600 0.00077152 0.00008282
98100 0.00346477 0.00076537
98600 0.00037147 0.00063823
99100 0.00023561 0.00025058
99600 0.00003283 0.00036331
